416.54545454545456,374.55194805194805,24,91,116,25,5,106,72,116,49
351.4156976744186,380.5668604651163,39,196,247,51,9,262,171,240,84
335.83076923076925,362.7230769230769,22,70,85,15,5,92,69,95,47
397.1730769230769,378.02884615384613,23,39,42,3,4,69,52,59,43
391.6025641025641,361.3076923076923,16,38,38,0,3,54,44,53,31
306.7037037037037,387.73148148148147,26,123,150,27,8,183,118,163,66
472.85775862068965,403.57758620689657,37,149,164,15,8,212,117,187,77
337.40434782608696,397.88260869565215,30,138,164,26,7,195,138,173,65
379.5655737704918,397.42622950819674,22,63,76,13,5,99,52,88,47,69.701,0.316,1.09
361.0584415584416,367.6038961038961,23,95,103,8,6,140,98,125,53,156.206,0.147,0.659
327.90845070422534,392.1619718309859,23,69,93,24,5,94,64,94,48,78.501,0.293,1.185
451.5138888888889,372.9583333333333,27,83,99,16,5,95,82,108,52,76.889,0.351,1.288
434.0301204819277,377.2710843373494,29,106,121,15,6,116,97,136,59,81.541,0.356,1.484
400.38524590163934,344.4590163934426,22,67,83,16,5,84,72,91,47,143.266,0.154,0.579
432.95,363.89285714285717,25,80,90,10,5,126,92,105,50
341.77142857142854,397.0285714285714,25,72,81,9,5,117,95,96,50
388.5243902439024,409.3353658536585,24,103,117,14,6,130,99,133,54
401.95,272.85,5,4,5,1,1,7,6,9,10
499.0769230769231,390.05288461538464,25,100,114,14,7,160,142,135,60
388.54347826086956,312.9782608695652,12,14,16,2,2,25,27,24,22
429.25,410.02884615384613,28,91,97,6,7,170,130,126,63
367.33962264150944,346.95283018867923,24,58,61,3,4,76,65,77,44
438.180412371134,359.58247422680415,41,115,123,8,7,174,134,150,76
399.2239583333333,342.4010416666667,35,122,142,20,7,151,133,157,70
302.0377358490566,426.1792452830189,40,133,154,21,8,165,139,173,80
390.4651162790698,316.66279069767444,45,109,120,11,6,168,134,138,75
448.93333333333334,369.4555555555556,39,126,142,16,7,134,120,160,74
384.0242718446602,405.00970873786406,31,99,111,12,7,169,121,134,66,114.235,0.271,0.972
398.7164179104478,370.0820895522388,24,59,65,6,5,100,72,83,49,246.368,0.097,0.264
452.953125,367.9322916666667,30,87,98,11,6,138,126,117,60,380.238,0.079,0.258
382.27966101694915,400.7881355932203,34,151,175,24,7,195,139,186,69,499.552,0.068,0.35
419.8333333333333,280.5,9,10,10,0,2,16,19,20,19,522.767,0.017,0.019
374.5882352941176,381.2450980392157,15,42,48,6,3,54,37,57,30,574.624,0.026,0.084
411.0729927007299,424.87226277372264,39,186,194,8,8,223,122,226,79,712.506,0.055,0.272
299.62396694214874,445.2107438016529,28,140,156,16,7,171,98,175,63,907.681,0.031,0.172
392.7692307692308,400.22435897435895,26,76,83,7,5,105,74,101,51,986.417,0.026,0.084
453.4858490566038,395.0566037735849,33,119,136,17,6,153,108,149,63,1884.917,0.018,0.072
